0
80
78
72
82
14
16
21
89
51
0
1
4
49
18
35
38
88
36
3
93
76
25
32
55
71
45
89
30
75
5
83
89
40
29
96
21
65
72
80
92
2
63
25
83
54
39
14
93
39
63
75
96
80
99
81
76
70
75
5
68
49
2
64
77
53
56
21
80
36
59
87
88
21
87
41
87
74
7
95
58
15
72
15
8
84
72
62
27
54
44
93
80
81
73
6
74
51
45
76
65
28
31
48
36
15
95
1
60
93
35
61
6
57
46
55
37
72
17
32
78
36
29
50
1
75
0
54
7
43
19
24
44
33
69
5
97
13
1
17
60
41
57
96
73
57
52
16
5
87
88
38
49
63
16
67
66
49
81
63
57
5
64
48
1
100
96
6
82
93
77
6
25
25
36
85
28
45
16
25
100
55
11
50
79
53
98
67
82
61
33
51
75
94
77
70
59
25
52
57
94
13
7
86
80
19
93
15
40
30
62
15
64
80
54
80
46
33
32
67
8
29
85
10
69
66
84
84
10
44
48
73
60
35
6
16
10
85
16
71
61
82
13
82
77
62
16
31
97
11
60
49
77
37
66
1
32
64
60
79
26
26
36
0
12
74
72
5
74
10
40
43
78
14
91
13
90
58
51
13
59
42
19
11
42
60
19
18
91
16
22
86
81
10
15
68
72
50
8
33
36
52
15
91
39
11
66
50
44
11
84
84
4
89
19
18
69
43
22
98
68
7
72
13
31
71
13
54
29
59
90
5
19
32
66
54
55
60
79
47
43
27
43
70
1
74
81
6
38
68
48
23
28
89
99
79
79
36
69
86
51
77
85
18
19
40
48
92
96
97
19
47
10
8
40
71
50
5
33
60
25
11
36
73
68
48
80
40
20
67
27
16
76
17
5
5
70
30
65
26
67
0
81
40
43
80
98
43
32
81
88
40
33
15
17
31
68
39
11
75
67
7
35
49
1
42
62
12
50
96
7
41
29
28
15
33
19
48
88
22
27
44
14
31
26
39
40
88
9
94
65
86
45
49
4
1
52
28
95
57
81
66
51
89
87
42
7
74
38
66
37
31
12
18
51
55
20
82
14
85
23
87
65
78
64
0
46
28
19
89
98
38
61
61
81
93
62
55
94
1
61
26
1
100
75
59
14
25
76
77
39
10
7
59
72
62
62
79
7
69
44
53
16
65
94
47
96
18
63
2
34
15
36
85
56
30
44
33
72
23
42
77
34
74
80
45
74
89
97
96
7
95
12
79
79
84
0
79
56
33
15
4
27
65
63
48
56
77
83
2
51
28
26
6
72
83
3
7
86
1
39
18
28
40
79
95
8
22
97
39
84
92
96
64
32
58
23
23
54
56
37
43
99
67
26
74
100
34
91
10
23
55
48
84
39
84
72
20
84
4
69
52
93
42
4
52
37
100
98
79
50
100
19
89
36
80
39
36
74
90
83
23
86
19
96
16
58
7
90
75
48
13
97
75
21
81
7
39
6
31
28
70
34
57
83
2
29
21
25
1
66
3
37
5
46
87
38
82
1
97
54
17
59
5
78
54
58
54
2
10
79
22
87
56
47
8
35
43
67
61
47
49
72
52
7
86
99
23
94
62
71
11
39
3
50
9
18
83
22
40
11
9
82
83
3
7
63
37
32
69
53
25
17
94
73
42
11
27
50
67
37
60
96
24
77
50
0
94
69
12
29
46
98
10
77
88
69
4
65
0
53
96
19
66
27
6
18
19
4
18
44
59
39
0
17
5
21
49
22
99
63
50
54
18
9
19
48
45
9
80
61
11
96
9
25
48
27
40
32
71
7
72
75
62
22
4
10
34
26
18
45
87
97
53
9
69
6
12
16
35
63
91
15
58
87
18
57
99
17
19
58
47
64
16
3
74
55
19
93
77
8
65
39
59
67
28
55
71
46
72
83
43
59
43
83
99
4
5
65
81
25
13
30
74
95
53
1
92
76
100
63
28
78
91
97
3
78
87
90
100
24
7
70
5
39
97
51
39
56
91
67
2
63
31
78
81
92
72
71
55
35
88
29
61
89
27
12
58
28
77
1
34
61
77
16
29
2
30
4
60
92
85
17
24
91
0
22
87
36
18
68
25
6
23
87
74
79
44
69
0
28
96
15
36
9
22
60
25
10
66
77
39
53
96
68
43
30
66
84
32
13
86
24
4
10
58
38
12
9
95
12
84
44
88
63
11
34
10
47
54
24
54
63
61
62
90
25
62
83
17
25
80
29
70
13
76
76
45
81
78
85
24
49
56
56
52
64
43
69
98
22
44
76
19
47
96
28
65
5
25
14
71
44
17
67
48
50
70
64
51
1
93
18
61
92
91
39
9
41
52
41
67
92
68
95
50
63
18
51
53
26
44
91
27
86
19
97
28
25
22
66
48
50
46
2
42
90
77
76
81
56
98
92
85
33
43
10
26
1
52
69
66
41
29
21
25
13
62
12
61
78
97
82
25
46
54
71
70
46
21
88
97
74
54
25
4
65
78
68
2
53
48
22
68
79
36
80
68
35
91
65
5
10
43
4
41
70
32
42
4
80
71
48
93
50
13
35
84
35
15
38
24
10
10
97
51
100
47
22
72
97
78
21
3
21
41
89
70
62
3
17
50
92
43
89
49
2
0
6
48
87
18
80
63
21
95
60
100
100
73
71
46
21
80
93
59
59
23
44
22
72
77
2
20
32
20
62
7
61
64
48
96
11
31
4
90
94
71
33
96
98
29
31
62
63
16
14
7
100
53
33
75
70
97
70
58
21
38
32
74
55
11
86
16
90
91
73
56
57
91
5
95
63
91
24
30
14
94
53
29
14
59
100
58
3
35
97
41
92
72
30
89
51
58
14
65
49
7
59
55
0
51
57
18
60
20
84
75
31
91
10
42
90
14
92
41
40
20
56
76
38
37
49
73
73
61
57
24
51
29
51
41
34
36
37
9
71
59
62
59
80
11
61
32
97
44
81
30
59
47
31
84
95
51
78
17
95
11
39
30
64
98
71
26
89
21
89
9
88
42
36
51
71
38
51
16
89
58
7
62
9
7
55
29
16
90
0
65
11
18
100
77
67
70
38
71
83
41
59
30
62
30
13
94
38
40
49
9
37
85
63
66
69
26
97
16
26
36
20
94
38
59
94
49
24
23
96
54
10
15
80
54
58
1
96
26
30
36
7
8
81
2
22
30
66
64
97
23
77
47
26
90
44
33
19
5
59
25
26
95
52
46
92
59
0
47
30
71
93
6
64
74
44
82
73
24
84
21
53
18
13
11
22
12
70
65
83
99
29
1
19
94
80
70
21
40
29
20
27
21
59
47
32
89
84
48
65
53
85
84
60
92
42
81
89
66
81
29
53
57
13
87
65
59
76
57
71
63
56
7
46
63
62
57
91
79
42
21
46
73
97
94
44
37
39
67
81
37
48
88
94
39
38
23
48
93
24
84
93
66
72
97
18
99
13
37
82
60
83
92
88
7
51
89
66
24
65
57
25
62
26
71
14
85
22
68
76
82
62
22
78
47
26
1
64
46
32
52
99
77
44
40
3
82
86
71
48
20
77
46
64
15
53
24
42
57
82
94
5
86
87
27
76
81
25
63
75
4
96
72
18
94
54
41
86
11
99
98
9
8
67
65
13
97
88
15
31
1
78
18
67
63
43
20
84
5
49
12
71
90
66
2
84
80
63
26
6
20
70
55
66
44
93
35
84
64
86
24
73
38
82
57
16
57
8
75
4
46
21
46
23
16
48
90
48
36
37
92
74
4
63
11
40
22
13
94
75
30
48
89
89
53
64
12
37
36
33
36
82
13
100
77
7
51
32
35
59
4
1
29
31
100
91
6
73
65
97
27
10
45
61
17
66
68
3
40
43
3
1
2
70
42
87
40
61
28
19
95
97
30
86
22
60
43
86
47
92
4
5
30
30
3
73
42
79
69
12
3
16
40
45
25
19
39
66
20
79
12
34
12
83
68
66
2
90
89
39
91
35
3
6
27
37
14
26
57
36
35
64
22
16
94
50
5
87
14
35
25
96
53
8
40
64
45
22
60
14
93
56
100
61
14
72
49
12
44
78
88
26
61
4
79
77
37
59
83
55
84
31
86
84
44
22
41
10
19
81
98
92
19
3
74
94
18
71
16
30
34
27
58
0
1
67
53
88
59
61
49
29
26
76
2
10
69
91
97
19
66
66
23
21
45
58
35
44
35
51
15
20
16
46
82
16
27
94
27
23
86
20
28
14
52
74
75
56
71
77
90
72
90
17
36
93
28
62
14
26
52
26
67
24
1
93
53
87
95
89
81
58
24
77
30
60
36
78
58
87
74
8
47
91
26
52
45
1
47
23
75
97
10
19
28
69
15
81
94
30
12
67
65
87
0
76
13
82
68
79
52
34
90
55
91
16
100
83
33
34
87
4
5
0
97
59
59
85
32
23
68
14
84
71
32
98
31
86
97
6
52
29
45
73
22
64
97
59
68
10
42
22
31
21
96
41
83
40
64
17
93
3
63
85
67
50
69
81
81
54
53
65
11
6
96
49
4
25
79
98
56
54
0
5
94
99
16
22
19
81
9
44
52
0
71
23
17
73
48
27
53
65
56
38
81
60
7
34
38
95
56
67
62
17
8
16
80
17
62
23
88
88
76
25
79
53
92
46
17
43
21
70
10
45
72
49
58
22
73
95
15
1
11
27
87
20
10
92
88
34
56
12
53
33
3
28
51
63
41
64
30
76
85
1
75
93
14
37
25
5
97
18
96
18
16
54
63
67
5
60
24
25
2
75
18
97
34
94
50
42
42
82
87
18
74
47
9
37
28
10
8
99
50
28
4
85
8
22
73
6
82
98
48
87
22
65
4
77
60
7
19
64
71
8
30
48
6
16
9
17
67
36
15
23
54
84
89
8
21
6
51
64
81
39
1
55
67
89
64
65
34
61
63
6
61
59
16
10
74
68
88
64
33
60
14
77
9
17
73
45
1
48
100
49
37
36
56
72
47
96
17
62
21
83
36
36
93
11
52
41
32
13
67
82
55
56
1
10
0
16
78
85
87
51
94
96
3
51
19
98
64
49
20
28
98
73
61
25
12
28
23
69
1
27
46
44
88
38
96
94
31
65
69
25
59
20
62
13
73
3
6
69
53
25
58
87
62
58
23
71
60
37
92
26
0
45
33
13
18
9
33
79
60
29
51
30
4
49
74
24
87
57
58
47
76
68
81
26
73
13
67
71
8
48
41
96
2
92
31
59
48
30
85
5
85
86
29
21
26
48
26
11
0
23
14
70
62
78
51
13
25
29
59
64
92
14
73
49
73
68
52
26
68
88
61
86
11
43
3
14
83
61
7
84
72
58
32
37
96
47
5
11
5
17
78
70
29
38
0
5
7
69
60
46
88
48
84
94
0
66
54
33
71
49
50
59
57
96
18
57
6
71
89
9
96
83
52
21
20
65
21
98
8
55
9
25
91
55
75
64
82
38
53
3
36
38
48
18
68
92
83
15
66
69
22
91
32
100
31
53
47
46
12
79
91
56
78
62
35
15
67
46
33
93
96
32
52
92
86
40
24
75
31
14
91
97
8
58
16
69
13
46
16
78
15
5
9
96
75
84
79
77
13
68
79
54
24
51
89
71
62
22
25
73
6
66
73
69
49
90
55
85
9
95
36
3
57
8
93
82
36
54
2
14
72
55
87
99
64
48
40
49
64
68
84
84
96
10
47
21
50
82
34
65
92
10
3
11
41
56
22
91
56
31
73
45
86
82
71
76
34
71
81
86
89
20
56
43
81
7
65
38
64
89
74
6
100
2
65
77
38
45
8
14
6
36
7
17
80
73
35
65
78
73
40
51
10
15
55
8
46
89
58
60
52
32
77
1
32
55
79
88
21
82
64
53
0
94
41
80
85
93
12
62
22
57
81
32
60
22
76
94
53
19
83
51
80
66
93
98
23
57
7
45
86
59
75
58
36
52
90
49
22
77
82
14
67
87
87
12
36
67
11
5
0
54
97
7
87
73
41
26
67
10
5
98
73
14
48
94
15
12
45
90
49
39
77
17
29
69
24
75
68
53
5
12
15
3
2
42
14
23
62
45
67
52
64
98
14
80
72
88
49
11
96
32
72
33
94
84
100
53
56
98
56
90
98
8
58
42
89
17
53
76
0
92
77
76
100
100
54
89
9
69
73
61
67
36
44
23
85
3
93
3
31
64
91
72
71
7
58
57
39
67
50
13
45
55
50
82
92
15
16
55
44
83
9
45
44
34
68
74
10
97
96
67
6
25
86
29
92
78
31
46
31
41
18
2
82
32
8
40
63
70
17
19
84
42
39
90
0
72
82
75
67
34
29
51
79
82
3
27
79
76
56
64
15
54
46
77
51
91
31
42
65
69
51
2
76
85
2
17
67
12
13
22
27
51
21
15
68
6
29
91
28
67
53
93
0
13
56
1
40
39
88
26
51
99
93
52
12
19
24
49
50
92
43
1
93
98
18
83
12
52
57
24
19
0
70
11
2
31
77
45
88
98
19
62
31
58
37
29
53
52
38
51
100
76
43
83
20
24
23
93
31
46
54
7
8
60
8
64
94
23
3
100
7
88
10
66
27
37
41
48
63
84
66
4
93
43
15
7
55
9
74
55
35
1
70
38
24
87
63
19
7
1
63
68
44
5
59
24
3
24
91
19
91
32
60
8
84
69
20
42
97
99
24
63
61
82
36
85
17
50
88
49
91
21
88
32
12
97
1
70
7
47
39
55
74
86
45
59
60
61
87
16
56
40
21
2
90
64
42
72
69
71
0
26
63
50
12
23
18
81
71
86
2
77
4
13
1
2
61
28
99
48
90
47
87
18
8
19
7
0
71
30
10
48
76
98
95
83
33
0
78
9
19
55
93
13
26
33
51
88
87
1
90
92
21
15
40
81
11
21
5
28
22
51
50
37
12
88
64
86
44
74
100
1
14
27
35
50
28
99
30
17
86
87
44
10
36
70
86
68
70
38
30
56
15
93
81
87
93
85
85
24
84
46
6
18
21
68
16
9
46
42
80
17
28
21
12
12
13
0
99
65
9
41
2
15
88
65
43
74
37
1
35
9
36
47
56
59
2
11
57
14
71
8
39
55
28
92
87
1
26
3
66
74
66
57
46
87
73
16
47
98
14
35
57
72
52
11
63
6
50
31
21
4
70
55
97
66
74
1
27
82
7
61
23
48
55
3
93
96
91
56
57
94
23
98
58
29
26
88
37
81
9
92
98
86
90
87
8
16
9
67
34
44
14
12
80
38
51
26
27
60
10
54
35
34
59
69
94
37
76
2
45
70
71
11
87
0
60
82
11
14
9
77
39
31
28
38
22
25
58
48
99
26
45
26
19
76
87
16
78
35
4
43
85
38
50
28
13
12
22
18
7
6
88
36
74
86
22
24
100
8
74
87
20
79
88
52
32
99
99
99
86
48
82
64
40
15
77
37
20
47
88
48
98
65
75
23
44
29
75
1
95
40
75
65
91
78
97
61
38
28
88
9
74
55
81
85
17
36
79
20
44
47
73
11
8
56
96
42
51
34
99
5
87
72
36
62
20
38
20
97
11
93
17
40
77
54
57
74
48
90
40
70
3
48
88
69
24
60
2
43
69
82
86
27
70
19
50
26
51
36
96
9
67
14
49
91
97
40
53
4
41
96
37
74
40
94
92
5
88
96
88
31
46
22
50
47
93
39
40
30
55
83
73
34
76
69
74
14
63
75
63
0
86
43
69
23
27
29
12
2
45
29
6
0
64
9
86
33
77
9
94
12
81
92
93
86
40
55
93
1
6
92
8
69
22
60
16
16
29
47
10
49
57
39
17
89
86
84
88
100
23
1
36
49
83
93
98
1
2
91
18
81
71
39
11
27
67
37
22
3
68
67
87
89
34
51
74
23
81
96
18
41
93
92
19
14
37
22
32
75
3
93
58
6
25
13
63
60
40
71
38
3
56
93
100
26
13
5
46
78
86
87
97
48
65
16
42
25
80
2
43
59
49
17
93
25
86
2
60
47
65
78
85
24
49
14
34
25
69
86
51
0
63
79
91
10
31
87
74
1
3
23
10
2
57
55
82
50
22
5
7
63
18
3
2
4
8
2
28
80
95
63
17
36
44
82
38
20
65
2
20
55
44
40
70
53
24
35
24
42
70
93
42
6
96
56
63
76
46
12
15
5
24
72
50
86
51
79
65
59
15
37
86
42
20
100
56
81
76
93
61
8
75
0
14
17
79
10
41
9
70
10
83
12
16
55
1
99
44
55
35
43
34
57
73
68
43
3
8
68
61
72
64
86
61
78
37
10
34
23
75
92
73
42
32
22
49
45
100
57
10
2
71
14
58
3
94
76
38
64
28
27
22
83
13
80
65
52
53
44
51
5
29
91
65
37
71
32
66
64
74
21
34
76
24
4
79
54
38
82
8
15
92
94
54
29
58
34
80
18
28
75
29
94
78
30
91
28
28
34
50
63
77
55
57
51
93
96
6
30
66
98
84
7
82
79
49
53
80
58
61
70
22
33
12
72
3
63
71
85
60
44
87
64
6
14
29
77
18
1
55
9
13
88
53
86
78
61
5
25
63
26
14
18
69
72
60
95
4
18
16
78
96
73
100
51
90
28
53
86
55
13
55
19
30
43
49
14
2
75
96
27
20
25
66
57
71
39
23
3
64
36
53
77
26
43
14
9
11
32
0
55
48
73
95
56
21
1
62
71
23
46
76
96
18
95
77
74
29
9
86
2
71
76
36
92
3
68
99
25
31
96
4
87
63
12
11
56
71
41
65
80
85
91
38
53
17
81
71
14
70
80
93
6
40
4
52
59
61
87
51
11
83
55
85
75
100
89
81
33
41
63
50
15
82
42
38
73
22
16
80
87
85
28
37
3
84
38
77
71
4
40
81
57
39
87
97
28
87
11
22
94
70
5
79
46
13
9
4
92
58
22
39
7
62
31
12
53
80
57
89
100
59
72
77
37
99
74
51
70
92
74
55
61
83
60
28
22
46
47
17
28
42
6
60
75
67
64
82
82
69
44
63
92
18
15
15
33
21
100
33
14
60
23
3
67
29
28
41
87
48
72
31
9
32
82
23
34
53
17
63
41
48
89
36
3
53
97
85
10
59
56
28
68
91
68
48
16
92
13
15
5
70
69
79
100
94
86
81
61
36
68
61
61
7
85
96
12
92
51
76
40
2
97
39
92
60
50
33
20
48
54
33
85
100
53
86
89
67
97
20
42
90
16
1
